2 52 128 56 142 149 164 165 202 29 8 130 146 153 174 260 33 
2 52 128 56 142 149 164 165 202 29 8 130 146 153 174 260 33 
2 52 128 56 142 149 164 165 202 29 8 130 146 153 174 260 33 
7 43 118 34 136 155 175 176 237 32 14 123 137 155 165 205 56 
7 43 118 34 136 155 175 176 237 32 14 123 137 155 165 205 56 
7 43 118 34 136 155 175 176 237 32 14 123 137 155 165 205 56 
7 43 118 34 136 155 175 176 237 32 14 123 137 155 165 205 56 
7 43 118 34 136 155 175 176 237 32 14 123 137 155 165 205 56 
7 43 118 34 136 155 175 176 237 32 14 123 137 155 165 205 56 
7 43 118 34 136 155 175 176 237 32 14 123 137 155 165 205 56 
7 43 118 34 136 155 175 176 237 32 14 123 137 155 165 205 56 
7 43 118 34 136 155 175 176 237 32 14 123 137 155 165 205 56 
7 43 118 34 136 155 175 176 237 32 14 123 137 155 165 205 56 
7 43 118 34 136 155 175 176 237 32 14 123 137 155 165 205 56 
7 43 118 34 136 155 175 176 237 32 14 123 137 155 165 205 56 
7 43 118 34 136 155 175 176 237 32 14 123 137 155 165 205 56 
7 43 118 34 136 155 175 176 237 32 14 123 137 155 165 205 56 
7 43 118 34 136 155 175 176 237 32 14 123 137 155 165 205 56 
7 43 118 34 136 155 175 176 237 32 14 123 137 155 165 205 56 
7 43 118 34 136 155 175 176 237 32 14 123 137 155 165 205 56 
7 43 118 34 136 155 175 176 237 32 14 123 137 155 165 205 56 
7 43 118 34 136 155 175 176 237 32 14 123 137 155 165 205 56 
7 43 118 34 136 155 175 176 237 32 14 123 137 155 165 205 56 
7 43 118 34 136 155 175 176 237 32 14 123 137 155 165 205 56 
7 43 118 34 136 155 175 176 237 32 14 123 137 155 165 205 56 
7 43 118 34 136 155 175 176 237 32 14 123 137 155 165 205 56 
7 43 118 34 136 155 175 176 237 32 14 123 137 155 165 205 56 
7 43 118 34 136 155 175 176 237 32 14 123 137 155 165 205 56 
7 43 118 34 136 155 175 176 237 32 14 123 137 155 165 205 56 
7 43 118 34 136 155 175 176 237 32 14 123 137 155 165 205 56 
7 43 118 34 136 155 175 176 237 32 14 123 137 155 165 205 56 
7 43 118 34 136 155 175 176 237 32 14 123 137 155 165 205 56 
7 43 118 34 136 155 175 176 237 32 14 123 137 155 165 205 56 
7 43 118 34 136 155 175 176 237 32 14 123 137 155 165 205 56 
7 43 118 34 136 155 175 176 237 32 14 123 137 155 165 205 56 
7 43 118 34 136 155 175 176 237 32 14 123 137 155 165 205 56 
7 43 118 34 136 155 175 176 237 32 14 123 137 155 165 205 56 
7 43 118 34 136 155 175 176 237 32 14 123 137 155 165 205 56 
7 43 118 34 136 155 175 176 237 32 14 123 137 155 165 205 56 
7 43 118 34 136 155 175 176 237 32 14 123 137 155 165 205 56 
7 43 118 34 136 155 175 176 237 32 14 123 137 155 165 205 56 
7 43 118 34 136 155 175 176 237 32 14 123 137 155 165 205 56 
7 43 118 34 136 155 175 176 237 32 14 123 137 155 165 205 56 
7 43 118 34 136 155 175 176 237 32 14 123 137 155 165 205 56 
7 43 118 34 136 155 175 176 237 32 14 123 137 155 165 205 56 
7 43 118 34 136 155 175 176 237 32 14 123 137 155 165 205 56 
7 43 118 34 136 155 175 176 237 32 14 123 137 155 165 205 56 
7 37 128 43 143 149 182 164 206 26 16 120 135 158 171 212 39 
7 37 128 43 143 149 182 164 206 26 16 120 135 152 171 212 39 
7 37 128 43 143 149 182 164 206 26 16 120 135 152 171 212 39 
